3.084865615220875767e+00	5.943135007025199812e-01
3.117249968169025109e+00	3.903293955617121447e-01
3.117066554346300755e+00	3.917913945775708395e-01
3.116708150385022247e+00	3.946323686837337474e-01
3.113315877667807818e+00	4.205575429722865355e-01
3.079305386015664947e+00	6.224811167772676956e-01
3.110082357684069709e+00	4.438379541134965245e-01
3.077088553694359518e+00	6.333485879138869290e-01
3.054175610273674568e+00	7.359454753572354235e-01
3.119575798607731265e+00	3.712832312807723412e-01
3.117416302289965468e+00	3.889987137589462352e-01
3.118777791896810481e+00	3.779278844708500729e-01
3.115605625026709458e+00	4.032443308854919972e-01
3.111792888595171558e+00	4.316820816038976494e-01
3.115652992726519077e+00	4.028781825858073762e-01
3.110631672608625387e+00	4.399715882343084861e-01
3.065263835488149180e+00	6.883037265174731800e-01
3.112116270428067377e+00	4.293445241600882256e-01
3.122328999472037125e+00	3.473701486099549096e-01
3.116942594624531271e+00	3.927763522727065748e-01
3.114303520816386506e+00	4.131803254270702275e-01
3.071269455619415556e+00	6.609904175315850505e-01
3.104298790546811571e+00	4.826317644943824980e-01
3.064934212269294633e+00	6.897700164189221050e-01
3.122616202507830341e+00	3.447788464000258180e-01
3.119782630561114267e+00	3.695412549885779274e-01
3.118270934553330154e+00	3.820873981293513300e-01
3.114110833663349176e+00	4.146300962905604681e-01
3.091014422927003569e+00	5.614572453416216691e-01
3.110721650757439782e+00	4.393349662822929047e-01
3.118942487333159264e+00	3.765662780937851783e-01
3.119206822138255397e+00	3.743704072379727132e-01
3.111561765739548679e+00	4.333448731404833110e-01
3.085101172520026136e+00	5.930895011757650881e-01
3.032624415383601058e+00	8.202399382550390472e-01
3.087229365325416364e+00	5.819099990220003571e-01
3.085807528106819575e+00	5.894033428549900755e-01
3.120086631973284952e+00	3.669656796908403740e-01
3.118695043955340918e+00	3.786101212299428642e-01
3.109411279577904530e+00	4.485152121423062743e-01
3.070917039177823771e+00	6.626257915118204389e-01
3.106500055552229522e+00	4.682539972529346506e-01
3.087206219408198837e+00	5.820327825274888012e-01
3.140785032587053216e+00	7.123047217660964658e-02
3.108414954423412535e+00	4.553689407571098746e-01
3.122311500290463115e+00	3.475274035860657640e-01
3.121253770015753659e+00	3.569023735586580037e-01
3.126600300095175200e+00	3.065533632732159730e-01
3.140281049867979402e+00	9.077074930515613427e-02
3.140456335443741143e+00	8.448908959519808859e-02
3.134210906872721303e+00	-2.152356669546965084e-01
3.138846751499376087e+00	-1.313220152570462873e-01
3.141415768127992170e+00	3.333725912812906395e-02
3.134237221265354645e+00	-2.148521396779351500e-01
3.133299677804186611e+00	2.281173605001149685e-01
-2.515665871905818474e+00	-1.881762371293914660e+00
-2.312184461567708738e+00	-2.126830368594120557e+00
-2.258819191859004150e+00	-2.183423976139034828e+00
-2.469427095025321872e+00	-1.942043826344852953e+00
-2.493528176072069780e+00	-1.911000166463639571e+00
-2.489003770776531788e+00	-1.916889310875711905e+00
-2.520190168238915618e+00	-1.875698780988372061e+00
-2.466736619113854445e+00	-1.945460062044993776e+00
-2.522653114763713678e+00	-1.872385020144705647e+00
-2.408593979120452033e+00	-2.016997631340717856e+00
-2.417826628835339609e+00	-2.005920934130778654e+00
-2.384960610387674596e+00	-2.044888086910529701e+00
-2.367844713220463859e+00	-2.064682981758521052e+00
-2.515665871905818474e+00	-1.881762371293914660e+00
-2.127300269883751760e+00	-2.311752141307946484e+00
-2.400591579064431436e+00	-2.026515351931560627e+00
-2.407808410997872350e+00	-2.017935345103321065e+00
-2.335253419162285127e+00	-2.101474689207608382e+00
-2.101476769332325301e+00	-2.335251547274068251e+00
-2.420456219589309121e+00	-2.002747135846357107e+00
-1.900745584846607494e+00	-2.501353758022940799e+00
-2.183046091671200006e+00	-2.259184402108082690e+00
-2.387673830526923169e+00	-2.041719393086681489e+00
-2.044950400357332665e+00	-2.384907180828583328e+00
-2.291097166873288682e+00	-2.149529756257062996e+00
-2.411875762289130698e+00	-2.013072206447544144e+00
-2.314731187327489170e+00	-2.124058363487884016e+00
-2.370622837412317274e+00	-2.061492605814662316e+00
-2.233901052450011804e+00	-2.208911607319787418e+00
-1.992944392987643809e+00	-2.428533929667952673e+00
-2.247222233592705454e+00	-2.195357973984190636e+00
-2.249543420122265935e+00	-2.192979434940961259e+00
-1.931692671515771176e+00	-2.477532608040028173e+00
-1.982859976359650611e+00	-2.436774654177190413e+00
-1.973838022695868277e+00	-2.444088349722534748e+00
-1.893143209444126063e+00	-2.507112520335884831e+00
-2.168155539119797304e+00	-2.273478823141640071e+00
-1.949181507369310395e+00	-2.463797039615654327e+00
-1.910375270054979424e+00	-2.494006962430482588e+00
-2.044863365290581658e+00	-2.384981806719253417e+00
-1.903416038646114083e+00	-2.499322265117904340e+00
-2.254581795608639805e+00	-2.187799197366952164e+00
-1.956323706297924403e+00	-2.458129768190872255e+00
-1.879815169768120464e+00	-2.517121238359211866e+00
-1.951926536202542195e+00	-2.461622878988108720e+00
-1.988869186540460854e+00	-2.431872480192833308e+00
-1.872109476604237432e+00	-2.522857607693697268e+00
-1.886438095283984540e+00	-2.512161562031927087e+00
-1.876505757029470089e+00	-2.519589360376927267e+00
-2.037350981315799281e+00	-2.391402387725852119e+00
-1.927089395314224518e+00	-2.481114842879469151e+00
-1.692677668768882482e+00	-2.646591526990989873e+00
-1.689681886450446813e+00	-2.648505148888824934e+00
-3.062016972206324628e+00	7.026069050399170735e-01
-3.049521921533729252e+00	7.549969875268305319e-01
-3.037445915138416552e+00	8.022011678490036379e-01
-3.019942438085447378e+00	8.657667536582122070e-01
-3.018649275003755683e+00	8.702648766948247738e-01
-3.040539419050660275e+00	7.903951178293238122e-01
-3.044690416233360786e+00	7.742510383500178506e-01
-3.066147869246837132e+00	6.843549115791021098e-01
-3.050943213177570890e+00	7.492328817230848870e-01
-2.948130684230252374e+00	1.085416910587549966e+00
-2.927932254187891825e+00	1.138778782721021177e+00
-3.038267266451054827e+00	7.990847381231822588e-01
-3.039050153173151081e+00	7.961021087697257581e-01
-3.055397891917964071e+00	7.308543788967941657e-01
-3.032831658591741419e+00	8.194733258215447513e-01
-3.029505153151625052e+00	8.316867968875694128e-01
-3.041416891983176995e+00	7.870118742743027473e-01
-2.996997470255135188e+00	9.421308637199399261e-01
-3.023545598001764478e+00	8.530981291114810849e-01
-3.063034285062375073e+00	6.981585562189875915e-01
-3.014355168390111306e+00	8.850239092189443602e-01
-3.056133185762969884e+00	7.277735581673998588e-01
-3.016322462645188995e+00	8.782956235980123871e-01
-3.031956651160648164e+00	8.227048477868983412e-01
-3.030227253072832916e+00	8.290519862011258567e-01
-3.050811943165119278e+00	7.497672228968315089e-01
-3.029138759990073648e+00	8.330202721513788600e-01
-3.056312865433137738e+00	7.270186171462463820e-01
-3.039439295843383793e+00	7.946151068111101390e-01
-3.017351418062858670e+00	8.747541488917965902e-01
-3.018095515074290969e+00	8.721833883867586845e-01
-3.080119758578276024e+00	6.184389007048809450e-01
-3.094061411345930601e+00	5.444156352543394473e-01
-3.066147869246837132e+00	6.843549115791021098e-01
-3.025382302962640324e+00	8.465614697172493264e-01
-3.057772335333504010e+00	7.208555655319894839e-01
-3.046176131142746879e+00	7.683849160060118866e-01
-3.058198984976860046e+00	7.190433709977873677e-01
-3.014832802744174423e+00	8.833954791524937233e-01
-3.037550684011308455e+00	8.018043671319013965e-01
-3.120111814483787605e+00	3.667515047113559246e-01
-1.443594505176157838e+00	2.790275847602627923e+00
-1.449062245508942581e+00	2.787440225319627984e+00
-1.476583774953798667e+00	2.772959566353708549e+00
-1.359109285561701963e+00	2.832388806465192310e+00
-1.461194970122361880e+00	2.781099361831301131e+00
-1.196073008230488677e+00	2.904998065416193320e+00
-1.353791050940546858e+00	2.834934600918096681e+00
-1.312599866164698259e+00	2.854240002598551040e+00
-1.260421589302877399e+00	2.877662561578158140e+00
-1.340011055067494183e+00	2.841474049395183332e+00
-1.391828049942213985e+00	2.816455055647686390e+00
-1.374144289207360758e+00	2.825125107588716489e+00
-1.286742377513090396e+00	2.865989960729331543e+00
-1.399533694084636126e+00	2.812633968402423967e+00
-1.313883828483122018e+00	2.853649187678803489e+00
-1.466334365882841162e+00	2.778393047882232736e+00
-1.452441778300561426e+00	2.785680757326018497e+00
-1.383384595896644420e+00	2.820611894771280603e+00
-1.487601363260215637e+00	2.767064615276575879e+00
-1.443704587947409745e+00	2.790218891741103935e+00
-1.309302390300294938e+00	2.855754130145537140e+00
-1.249802623284686831e+00	2.882290374670823052e+00
-1.287813406304772368e+00	2.865508860853697826e+00
-1.310446306549810869e+00	2.855229391614501289e+00
-1.309951545047946420e+00	2.855456417232778765e+00
-1.231489788163281585e+00	2.890162158554241856e+00
-1.349168578265013574e+00	2.837137386259558802e+00
-1.349386627760076118e+00	2.837033685015327489e+00
-1.475659327411420918e+00	2.773451631183250221e+00
-1.561726053344723031e+00	2.725915650821512770e+00
-1.690264452270703099e+00	2.648133395899718856e+00
1.631519266007313673e+00	-2.684725178809986623e+00
2.802445264836046945e+00	-1.419825671935599720e+00
2.064430269605263213e+00	-2.368065046198456258e+00
1.817865894386406778e+00	-2.562219348751403558e+00
1.427597310181932144e+00	-2.798494295340026472e+00
2.802445264836046945e+00	-1.419825671935599720e+00
1.992468079291164429e+00	-2.428924732076961135e+00
9.550414359943484310e-01	-2.992908327467317164e+00
1.483218231938216336e+00	-2.769416559049112880e+00
1.564454591132926398e+00	-2.724350607644410172e+00
2.096666040233204242e+00	-2.339571737908922255e+00
1.427597310181932144e+00	-2.798494295340026472e+00
1.631519266007313673e+00	-2.684725178809986623e+00
1.993168850822871985e+00	-2.428349713941298837e+00
1.503769344544073627e+00	-2.758311468906085029e+00
1.757170359929162151e+00	-2.604219024443946040e+00
1.785092798289425797e+00	-2.585159202560760594e+00
8.833372258709617508e-01	-3.014849871300385509e+00
2.519718312626791690e+00	-1.876332600074558599e+00
1.953733175642621278e+00	-2.460189236518759426e+00
2.170912063188461083e+00	-2.270846805707548821e+00
1.543539837399257486e+00	-2.736254588200964566e+00
1.586156026201384073e+00	-2.711773121342268666e+00
2.134409087183357201e+00	-2.305190284908919196e+00
7.805923824021560042e-01	-3.043070806541491535e+00
1.373009726199724723e+00	-2.825676678753306081e+00
-3.134390081815807250e+00	2.126104797606489794e-01
-3.141145888672290720e+00	-5.298025260910096262e-02
-3.134390081815807250e+00	2.126104797606489794e-01
-3.137074538011109137e+00	-1.684272663547863591e-01
-3.134390081815807250e+00	2.126104797606489794e-01
-3.097311160259513141e+00	5.256120029272787209e-01
-3.121613263781380265e+00	3.537443038036345855e-01
-3.101422715332099234e+00	5.007809320565502764e-01
-3.119159757447720782e+00	3.747623361652467899e-01
-3.092207986583328072e+00	5.548460766731968530e-01
-3.125185356600467923e+00	3.206569630919696157e-01
-3.117457461748340375e+00	3.886687217656618065e-01
-3.134390081815807250e+00	2.126104797606489794e-01
-3.086468946197955088e+00	5.859298978931215540e-01
-3.134068726758707513e+00	2.172961505466986243e-01
-2.956727634949335659e+00	1.061774973248223342e+00
-3.091532997853236431e+00	5.585947764470570176e-01
-2.909950504460972365e+00	1.183973168056054126e+00
-2.915088224004580564e+00	1.171266428853478425e+00
-3.063514692017807572e+00	6.960475076317675924e-01
-2.925009278665239076e+00	1.146265728708494303e+00
-3.111512677155805484e+00	4.336971996543976804e-01
-2.968347727995135354e+00	1.028842148628970499e+00
-2.906994647956671507e+00	1.191212205209728703e+00
-2.902559428712630840e+00	1.201978853341756581e+00
-3.105424737748200936e+00	4.753331455630607771e-01
3.080736863004096993e+00	6.153574424812229271e-01
3.028687983561384467e+00	8.346577138685234987e-01
3.094714309910789662e+00	5.406919096146558523e-01
3.060268678293477151e+00	7.101830874818488848e-01
3.096327411896169668e+00	5.313764761727093333e-01
3.088561350561124019e+00	5.747983863141956640e-01
3.098705743739794016e+00	5.173268935628324572e-01
3.058592405364560118e+00	7.173680359031853193e-01
3.062140048492304700e+00	7.020703130804663017e-01
3.053127275648973349e+00	7.402825405057413821e-01
3.047224941887688221e+00	7.642149924117790372e-01
3.073677714041095133e+00	6.496997085550101358e-01
3.053139640035961833e+00	7.402315445388932824e-01
3.092981297044753219e+00	5.505189344797447593e-01
3.092981297044753219e+00	5.505189344797447593e-01
3.075407208678952120e+00	6.414630947255608451e-01
3.062011152663246971e+00	7.026322665913167231e-01
3.067797707613169056e+00	6.769206942122102388e-01
3.075935882645545405e+00	6.389231933048994394e-01
3.028687983561384467e+00	8.346577138685234987e-01
3.047998741447507598e+00	7.611229028374892902e-01
3.085398840174043311e+00	5.915390081321981741e-01
2.476549261266070889e+00	1.932953221785730591e+00
2.454178561244086509e+00	1.961278152282144305e+00
2.469393180389066522e+00	1.942086950097067666e+00
2.456351494275446967e+00	1.958556033832102194e+00
2.419108284900205685e+00	2.004375091397950559e+00
2.431939677272739520e+00	1.988787019063610328e+00
2.380060645042089806e+00	2.050589117061531574e+00
2.382565649461541479e+00	2.047678033064587400e+00
2.448075564763020573e+00	1.968890659813178790e+00
2.448075182165766250e+00	1.968891135526139369e+00
2.434612740548841359e+00	1.985513838946134868e+00
2.419048506942539589e+00	2.004447236059963444e+00
2.380984065758807056e+00	2.049516840548527785e+00
2.436379030006459168e+00	1.983346067441116967e+00
2.460563320459474568e+00	1.953262027250518340e+00
2.342621933844124538e+00	2.093257479662206766e+00
2.420768505037060869e+00	2.002369657708084283e+00
2.449131580422515331e+00	1.967576911550466212e+00
2.460563320459474568e+00	1.953262027250518340e+00
4.977417314382364122e-01	-3.101911921682210860e+00
4.976515685597681649e-01	-3.101926388133567247e+00
5.519347068700019010e-01	-3.092728969767911007e+00
6.474320608101663543e-01	-3.074156165149138698e+00
5.574990428170617518e-01	-3.091730780379724486e+00
5.305085219986845901e-01	-3.096476240692979776e+00
4.926900828433429247e-01	-3.102718305511664720e+00
6.363990682703015711e-01	-3.076459105366760927e+00
6.261309866739730445e-01	-3.078565313358811117e+00
4.975103699722156492e-01	-3.101949037759883510e+00
6.577955895649356677e-01	-3.071955299713568177e+00
3.635423806967381655e-01	-3.120487355931234497e+00
4.387884301160316358e-01	-3.110798790453292106e+00
5.493418075536413703e-01	-3.093190582483248630e+00
6.158133104414496017e-01	-3.080645771225977825e+00
3.260453508801253730e-01	-3.124627790675045258e+00
3.635423806967381655e-01	-3.120487355931234497e+00
-2.205269960122577810e+00	2.237496101464832243e+00
-2.496989786149380830e+00	1.906474864495995902e+00
-2.459619877349905614e+00	1.954449912388290134e+00
-2.303292980410749369e+00	2.136456376217385156e+00
-2.395870662829867825e+00	2.032094527348697444e+00
-2.437983755325738411e+00	1.981373162697316337e+00
-2.270724178277135685e+00	2.171040328339615133e+00
-2.231217637186678093e+00	2.211622087201259301e+00
-2.328456116460987158e+00	2.109003678234055545e+00
-2.157890426354713842e+00	2.283224322955593966e+00
-2.575824302733776605e+00	1.798536505755557791e+00
-2.521060889063142962e+00	1.874528312596401403e+00
-2.545233743170978613e+00	1.841572587142088491e+00
-2.571623197634326008e+00	1.804538315048578090e+00
-2.648086278463678056e+00	1.690338268779875808e+00
-2.806768735493257783e+00	1.411259602818325520e+00
3.070757588477531552e+00	-6.633643296839339953e-01
3.011823468245147684e+00	-8.936015875193640268e-01
3.086200417087038517e+00	-5.873426484269189674e-01
3.101284160761198727e+00	-5.016382713679868877e-01
3.079614453160985921e+00	-6.209502564387263668e-01
3.006137667119535006e+00	-9.125462878202262873e-01
3.080092169541537306e+00	-6.185762913483382475e-01
3.006330760824838411e+00	-9.119099503830998543e-01
3.009503492479467468e+00	-9.013840079806406669e-01
3.014167997093635254e+00	-8.856611577719226691e-01
3.054342368302976674e+00	-7.352530845081304278e-01
3.090765105535007162e+00	-5.628280940896008833e-01
3.015079891662723277e+00	-8.825517820391383106e-01
3.033410606435473333e+00	-8.173276539149597619e-01
3.020782688992901033e+00	-8.628304277030193203e-01
-2.935365577117047042e+00	1.119479043915367455e+00
-3.085594718181950302e+00	5.905164148582253691e-01
-2.867169623570527293e+00	1.284111658215048024e+00
-2.886240702064178709e+00	1.240652655192997500e+00
-2.874423049621990689e+00	1.267791991176458799e+00
-3.045777913587966790e+00	7.699618835949546547e-01
-2.812676081747477408e+00	1.399449055969890443e+00
-2.934886412100768727e+00	1.120734647075584567e+00
-3.115001513035889680e+00	4.078847568535474144e-01
-3.041923055819466537e+00	7.850531979192981735e-01
-2.864582033066225719e+00	1.289873705803606274e+00
-2.858590538115831858e+00	1.303098053288391567e+00
-3.069340654892045439e+00	6.698898008749130106e-01
-3.092662715549084673e+00	5.523058291761182570e-01
8.523505125557298001e-01	-3.023756439403699758e+00
1.000070706017742062e+00	-2.978164364848678414e+00
1.007085122249335996e+00	-2.975799717325310567e+00
1.003602238368060062e+00	-2.976976141696801914e+00
8.346739990759000083e-01	-3.028683495572953355e+00
3.944184300926623643e-01	-3.116735231471002177e+00
8.250492069632768821e-01	-3.031319548839848999e+00
8.291055540905826193e-01	-3.030212596710915030e+00
2.952743206835090617e-01	-3.127685642233607233e+00
3.774654490116856609e-01	-3.118833794207662269e+00
8.026576220494985314e-01	-3.037325327134912545e+00
2.877620478202265186e-01	-3.128385750658583486e+00
2.382053997626378261e-01	-3.132548896444121045e+00
5.054747547114992745e-01	-3.100661167144631136e+00
-2.386583420592193860e+00	-2.042993876066157455e+00
-2.163687735146714530e+00	-2.277731280433457517e+00
-1.567038511166272352e+00	-2.722865164787112935e+00
-2.189249523108458106e+00	-2.253173523423961377e+00
-2.002661432375499206e+00	-2.420527130268336879e+00
-1.461647305499457428e+00	-2.780861657007686283e+00
-2.301278418270828130e+00	-2.138626204527166230e+00
-2.434971190975543376e+00	-1.985074230402606332e+00
-1.733122584619400497e+00	-2.620284432608705583e+00
-1.868995505450455230e+00	-2.525165381058308789e+00
-1.983585413047582069e+00	-2.436184170015520234e+00
-1.599221555641817227e+00	-2.704088537208041210e+00
-1.964261862727788799e+00	-2.451791128078106841e+00
-1.792701556196233614e+00	-2.579888666493374227e+00
-8.277433282005050019e-01	3.030584990345743357e+00
-8.151509485467151039e-01	3.033996264363677309e+00
-8.577470670034226252e-01	3.022230032630935259e+00
-8.573418347051241506e-01	3.022345013322239815e+00
-8.228538574415542595e-01	3.031916214274878563e+00
-7.769772521176843139e-01	3.043995852622176201e+00
-8.073394023076762016e-01	3.036084236408937542e+00
-7.432412167363553479e-01	3.052408376157033754e+00
-8.277433282005050019e-01	3.030584990345743357e+00
-7.577384637650335097e-01	3.048841882030021821e+00
-7.577088462257769441e-01	3.048849242819421157e+00
-8.772512521801871799e-01	3.016626367589736901e+00
-8.137660563253596990e-01	3.034368007783833310e+00
-7.153245621698046675e-01	3.059070965480522375e+00
-3.020153152738159097e+00	8.650314069992580679e-01
-3.097647819733227781e+00	5.236242794135284040e-01
-3.079506135855050175e+00	6.214872165382451241e-01
-3.096428281556694362e+00	5.307883742747350198e-01
-3.030392582329034301e+00	8.284474624588611391e-01
-3.079851703442925359e+00	6.197724468618056592e-01
-3.023306684250440135e+00	8.539444326511914651e-01
-3.063921752016083300e+00	6.942534829671738184e-01
-2.945528913404801497e+00	1.092457697755701007e+00
-3.075850162870839455e+00	6.393357307837462811e-01
-3.011615005351347296e+00	8.943038972474406378e-01
-3.127896721168186733e+00	2.930298667280601954e-01
-3.141314974175831942e+00	-4.176881741263822195e-02
-2.465859910388154663e+00	-1.946571165775832002e+00
-2.487572787508853800e+00	-1.918745951900561408e+00
-2.478348467464556837e+00	-1.930645818089232302e+00
-2.415536539581659259e+00	-2.008678079492884461e+00
-2.817269249822576427e+00	-1.390179260057312405e+00
-2.565805484420343507e+00	-1.812800765999353692e+00
-2.535125787011741849e+00	-1.855462649884780824e+00
-2.506031301946002543e+00	-1.894574230468730525e+00
-2.476678267480875828e+00	-1.932787924340714669e+00
-2.325554231036148334e+00	-2.112203096200558239e+00
-2.356172729920332998e+00	-2.077992894085329834e+00
-2.329801336517502541e+00	-2.107517528622387726e+00
-2.236163639521159929e+00	-2.206621077206695425e+00
-3.009431822228293640e+00	9.016232630367571055e-01
-2.821673877123331842e+00	1.381217192279745376e+00
-2.735488679306635085e+00	1.544896788291890921e+00
-2.870373180406174285e+00	1.276934691475762662e+00
-2.788752999603535621e+00	1.446534171145514414e+00
-2.807928993848830768e+00	1.408949667870520006e+00
-2.834626245087077834e+00	1.354436580926878131e+00
-2.793728638878222981e+00	1.436901072934733792e+00
-2.968584801366001447e+00	1.028157905279210693e+00
-2.853169478943331061e+00	1.314925216700783217e+00
-2.785129180327261533e+00	1.453499174399130567e+00
-2.780295523415754477e+00	1.462723898609602280e+00
3.032808477512785927e+00	8.195591130699089177e-01
3.020051480403930011e+00	8.653863049525293283e-01
3.013242272070352001e+00	8.888056091731537656e-01
3.017739958882074358e+00	8.734128128529901058e-01
3.009446895750483630e+00	9.015729492099550102e-01
3.007791435595271068e+00	9.070805262208504471e-01
2.999032422990461466e+00	9.356329018056815938e-01
3.021997900125944714e+00	8.585645536147741286e-01
2.989698692388736756e+00	9.650420352598303442e-01
3.031799961201324223e+00	8.232820879558890859e-01
3.032808477512785927e+00	8.195591130699089177e-01
-3.000059102256901866e+00	9.323356606152473081e-01
-3.009489999612447786e+00	9.014290561780363698e-01
-2.964086597385559685e+00	1.041054774874334177e+00
-3.052046541089673326e+00	7.447256623159422828e-01
-3.078060234845106713e+00	6.286092520434635178e-01
-3.086889629827964221e+00	5.837095290895414346e-01
-3.083139924612683380e+00	6.032019614927126572e-01
-3.078519873359881753e+00	6.263543648906887418e-01
-3.073512203188619729e+00	6.504822349149842475e-01
-3.109683371918818384e+00	4.466248173813966438e-01
-3.038294993385189713e+00	7.989793077795244169e-01
-5.309693698122662509e-02	-3.141143918443178862e+00
-2.160387619862276509e-02	-3.141518370728165976e+00
-1.211869404824990337e-01	-3.139254390224827329e+00
-2.141852871148809956e-01	-3.134282862773057676e+00
4.080574857621600826e-02	-3.141327632064585096e+00
-8.828110589284560161e-02	-3.140352026036522748e+00
-1.316897191803186873e-01	-3.138831346050877880e+00
-1.850693121190425949e-01	-3.136136755755581706e+00
-2.325776755930997197e-01	-3.132971756320996004e+00
-1.274107970037311188e-01	-3.139007946771755542e+00
-1.999586857738998802e+00	2.423067642358924800e+00
-2.036427331263229057e+00	2.392188981993998098e+00
-2.049858690652088367e+00	2.380689763376879320e+00
-2.015794716804759190e+00	2.409600809427026036e+00
-2.020907845256372681e+00	2.405314092186424002e+00
-2.045067328351570346e+00	2.384806915370367708e+00
-1.912453535916513347e+00	2.492413664312122634e+00
-2.023174945574775840e+00	2.403407485360704143e+00
-2.018066511959462073e+00	2.407698476636376483e+00
2.755977721819652171e+00	1.508042173787960349e+00
2.967700590692468499e+00	1.030707332414459332e+00
2.898225909263475675e+00	1.212390605359205065e+00
2.737690655437291731e+00	1.540991329054349102e+00
2.688575928176923924e+00	1.625165800623723955e+00
2.870958857040609047e+00	1.275617357309563715e+00
2.890080332706851607e+00	1.231681806145732416e+00
2.832795317410884639e+00	1.358261790209944309e+00
2.755977721819652171e+00	1.508042173787960349e+00
3.065602303192685341e+00	6.867946707343173252e-01
3.053778483661911292e+00	7.375916036757187433e-01
3.044193679954893650e+00	7.762018036645106367e-01
3.052570610595921607e+00	7.425746214458182060e-01
3.047464105439283699e+00	7.632607202971358751e-01
3.035754716391422470e+00	8.085775800729285701e-01
3.027091037249346694e+00	8.404309925829906991e-01
3.078737610227072707e+00	6.252832385908413393e-01
3.025427443825445373e+00	8.464001318745096869e-01
3.108391051312899389e+00	4.555320770343699865e-01
3.107512515843270151e+00	4.614871232946683444e-01
3.121717604273250846e+00	3.528223352621436271e-01
3.102183187739488535e+00	4.960482545033532698e-01
3.115336072708373205e+00	4.053215454072568447e-01
3.109405689397589434e+00	4.485539653500575374e-01
3.125036418075767930e+00	3.221052417914589405e-01
3.117753765697499624e+00	3.862846846154018299e-01
3.108391051312899389e+00	4.555320770343699865e-01
2.897722350665058233e+00	-1.213593663276767876e+00
2.955907359451839245e+00	-1.064056428685909994e+00
2.607219299460550754e+00	-1.752715586057759012e+00
2.586324524192067820e+00	-1.783404008252765571e+00
2.803335906467519845e+00	-1.418066358320120957e+00
2.877889191690733206e+00	-1.259904044536335199e+00
2.373087402190641182e+00	-2.058655042170355998e+00
2.702609992054517907e+00	-1.601718961596083846e+00
2.998375800980892958e+00	9.377350143732203769e-01
3.088107723862022258e+00	5.772305318614733283e-01
3.047116852143303412e+00	7.646458595151368609e-01
3.071762603242605749e+00	6.586948537901067269e-01
3.060194007833065388e+00	7.105047751507089782e-01
2.984757212593969644e+00	9.802187424027538620e-01
3.041841097314764930e+00	7.853707021376987729e-01
2.997273458395976586e+00	9.412524723390538473e-01
-1.358848647816896515e-01	-3.138652530085581205e+00
-3.067069193939557792e-01	-3.126585240591599035e+00
-3.527828640387685732e-01	-3.121722065131673940e+00
-1.565824860991926193e-01	-3.137688054306283725e+00
-2.784907241750311235e-01	-3.129224715107213672e+00
-2.101650580295737758e-01	-3.134555000230939026e+00
-2.062348412364165551e-01	-3.134816037879981643e+00
-1.363568062096274791e-01	-3.138632062298744696e+00
-2.976945149365892718e+00	1.003694165947096595e+00
-2.583152217033839460e+00	1.787995812277679564e+00
-2.421678767580032421e+00	2.001268684545234322e+00
-2.944723829777181834e+00	1.094625948638056956e+00
-2.583152217033839460e+00	1.787995812277679564e+00
-2.944723829777181834e+00	1.094625948638056956e+00
-2.747912115920203568e+00	1.522689529834728495e+00
-3.069174315312608314e+00	6.706514916964989581e-01
-2.629988258630099551e+00	1.718361475521717807e+00
-3.017207109883480953e+00	8.752517678690681091e-01
-2.681336643068191083e+00	1.637082223844961160e+00
-2.616718852990539190e+00	1.738501321682912160e+00
-2.724185336640637001e+00	1.564742359854009779e+00
-3.030204975379587662e+00	8.291334080075101198e-01
-3.027366276399330758e+00	8.394389969553520681e-01
1.932073432824753079e+00	-2.477235687467410852e+00
2.059124608874443929e+00	-2.372679971301866253e+00
2.048697909429557651e+00	-2.381688744775084299e+00
1.546171988035365263e+00	-2.734768104337938599e+00
1.568448667413870901e+00	-2.722053118287189655e+00
1.518706874069567725e+00	-2.750115239720546612e+00
1.836849447571430316e+00	-2.548644445199425235e+00
-2.735662161109203794e+00	-1.544589570521787136e+00
-2.836440983945231586e+00	-1.350632054145452843e+00
-2.798937983304524479e+00	-1.426727222248372895e+00
-2.752914358034042941e+00	-1.513627080366683586e+00
-2.651026215286660825e+00	-1.685723704214971308e+00
-2.931061516498302488e+00	-1.130700131596361180e+00
-2.757312831294736810e+00	-1.505599665072610893e+00
-7.248079689389800295e-01	-3.056837877489074096e+00
-6.294275758138310195e-01	-3.077893001371958981e+00
-8.273923049731946033e-01	-3.030680843434442107e+00
-8.148289138397211140e-01	-3.034082767865791119e+00
-7.071158056784313528e-01	-3.060978869324174401e+00
-8.678111130423679098e-01	-3.019355605616788285e+00
-8.698704079336445627e-01	-3.018762970902272524e+00
-3.114849709745433515e+00	4.090424021885064043e-01
-3.099852631766507383e+00	5.104097005539893761e-01
-3.103860462942499954e+00	4.854427130689334957e-01
-3.104516331523434758e+00	4.812304524795072425e-01
-3.102789759314756424e+00	4.922398912937032134e-01
-3.082813675001324860e+00	6.048671311240059190e-01
-3.048494823453803182e+00	7.591335274276352907e-01
-2.973075321375679536e+00	1.015099765794603703e+00
-2.951124192638939991e+00	1.077251317339886993e+00
-2.981022209387009347e+00	9.915195349718293194e-01
-2.990633562912321519e+00	9.621409945905586847e-01
-3.041617765571688281e+00	7.862351869816363026e-01
-2.993698617183695010e+00	9.525612791635978960e-01
-3.089648917156011088e+00	5.689235184153015323e-01
-3.053312147765037121e+00	7.395196612665653202e-01
-3.118309974348676850e+00	3.817686537248898837e-01
-3.122443157933400659e+00	3.463424989288051425e-01
-3.101152205689694519e+00	5.024533791659701043e-01
-3.121299990634302191e+00	3.564979236344399949e-01
-3.134852619785630345e+00	2.056780331307370702e-01
-3.118203544984084807e+00	3.826369730410836278e-01
-2.434211600124045471e+00	1.986005610996829374e+00
-2.485399618286820989e+00	1.921560079338942240e+00
-2.248798701511190767e+00	2.193743102820141733e+00
-2.235116817823391777e+00	2.207681410840883096e+00
-2.249150515733498779e+00	2.193382401375804758e+00
-2.233864434404100319e+00	2.208948639012189741e+00
-2.135852710378492780e+00	2.303852773216683136e+00
-1.761678102778711841e+00	2.601171786576072176e+00
-1.732851084212146953e+00	2.620463989646517167e+00
-1.797411395141254697e+00	2.576609531478474491e+00
-1.784691755939519453e+00	2.585436082631104693e+00
-1.774964573615816166e+00	2.592123678279680821e+00
-1.754887823625730592e+00	2.605757687809728829e+00
-1.757529197698163070e+00	2.603976866319631434e+00
-2.931304229050503363e+00	1.130070757890846433e+00
-2.953824484917059401e+00	1.069824898473496155e+00
-3.109712483882497658e+00	4.464220745826779635e-01
-2.953971860156681561e+00	1.069417902642288976e+00
-3.129798079971680913e+00	2.719712846881798263e-01
-2.924784752400589216e+00	1.146838503545454913e+00
-2.923971790207819499e+00	1.148909644470895053e+00
1.567859181221052667e-02	-3.141553530157992657e+00
-2.737461825853646946e+00	-1.541397791967853870e+00
-2.777502683316712240e+00	-1.468020178763842498e+00
-1.478678371564306204e-01	-3.138110817645551887e+00
-3.677300653368395511e-01	-3.119996634635480603e+00
-1.968409824869926661e-01	-3.135419912659691999e+00
-2.420036797550058516e+00	-2.003253927886580410e+00
2.979329169664041377e+00	9.965952537907913911e-01
3.141096519066536086e+00	5.583062777227849882e-02
3.059624611741652345e+00	7.129527588235443636e-01
3.097981378982234801e+00	5.216471763258052619e-01
3.097583987648582227e+00	5.240017562494102554e-01
3.106945918900145820e+00	4.652864258917144280e-01
3.120428625597734040e+00	3.640461421847421275e-01
3.079656167495534724e+00	6.207433375365958295e-01
2.956677492972358934e+00	1.061914593383123773e+00
3.021994807429691843e+00	8.585754392930973200e-01
3.056967576920813112e+00	7.242607505203157992e-01
3.049598368112196312e+00	7.546881437367284340e-01
3.043370884917198982e+00	7.794216175650150458e-01
2.956677492972358934e+00	1.061914593383123773e+00
3.091741319020425482e+00	5.574405953563085214e-01
3.095188195129356945e+00	5.379725251546125797e-01
3.090816964390683541e+00	5.625432372041431206e-01
3.107631993685420202e+00	4.606818782111322119e-01
3.106273932863186982e+00	4.697516951582261790e-01
3.091781173568934893e+00	5.572195041938646787e-01
3.085797391611241114e+00	5.894564097663350655e-01
-3.007263050342633193e+00	9.088307582456041089e-01
-2.983914294491422758e+00	9.827817073079396781e-01
-2.917010113578280439e+00	1.166471773499635933e+00
-3.032862228217240386e+00	8.193601807157298023e-01
-3.036367784938253322e+00	8.062723334447998713e-01
-3.038925532389646911e+00	7.965776859036770574e-01
-3.038859189701164532e+00	7.968307387758960525e-01
2.847042496206096285e+00	1.328139083788260288e+00
2.854924720800437576e+00	1.311109926608712062e+00
3.015655911008409795e+00	8.805815280196351846e-01
2.873968072873153812e+00	1.268823044082635576e+00
2.827324486600437226e+00	1.369613320816839508e+00
2.830267157869862604e+00	1.363521989618286190e+00
2.378156037818815349e+00	2.052797666813578115e+00
2.473628548417917017e+00	1.936689496419399914e+00
2.395106894848202383e+00	2.032994678630507313e+00
2.466111533817755053e+00	1.946252374143805808e+00
2.438056179149808322e+00	1.981284045360178325e+00
2.419942347629522317e+00	2.003368022915079649e+00
-2.986767349544093619e+00	-9.740765887684132984e-01
-2.945889135630099354e+00	-1.091485960361334273e+00
-2.958247598486014152e+00	-1.057532764098156663e+00
-2.849338047199063695e+00	-1.323207124328304785e+00
-2.243249943969326310e+00	-2.199416761319003211e+00
-2.075417372822391471e+00	-2.358441674003485033e+00
3.091382256498329095e+00	5.594284094472296021e-01
3.057611078947371386e+00	7.215392511760174710e-01
3.088321461182132577e+00	5.760858907239579940e-01
3.080807312625849725e+00	6.150046370235339177e-01
3.061338323676036755e+00	7.055579842094843457e-01
3.091382256498329095e+00	5.594284094472296021e-01
-3.042711982168443630e+00	7.819898942172712752e-01
-2.949689983004786686e+00	1.081172236625867145e+00
-3.023609729560071457e+00	8.528708017038866274e-01
-3.084402383886029497e+00	5.967129421820318580e-01
-3.034455309153571534e+00	8.134404574638885999e-01
-2.759196226835562094e+00	-1.502145326826188176e+00
-3.027384861095518076e+00	-8.393719699269374113e-01
-2.789100323747442101e+00	-1.445864373017494042e+00
-2.654549104307564633e+00	-1.680170662138005033e+00
-2.746696484835652097e+00	-1.524881248255361310e+00
2.551164833582773017e+00	-1.833347319244212237e+00
2.360855141523656719e+00	-2.072671561495133208e+00
2.559655769042475271e+00	-1.821473783807203262e+00
2.476080914114641374e+00	-1.933553130339728199e+00
2.234992594335550642e+00	-2.207807171008056901e+00
-3.096139131474825668e+00	5.324724214827177837e-01
-3.055110511846060639e+00	7.320547530731958963e-01
-3.092217447025557231e+00	5.547933501765349718e-01
-3.096237144999222313e+00	5.319021930923195640e-01
-3.096289664952970977e+00	5.315963805320467195e-01
3.047444324034232821e+00	7.633396969900734241e-01
3.047444324034232821e+00	7.633396969900734241e-01
3.054079277551847937e+00	7.363451415727139127e-01
2.964434367521854075e+00	1.040064075787960229e+00
3.047444324034232821e+00	7.633396969900734241e-01
-1.396242172121372249e+00	-2.814269389713633718e+00
-1.325751986494073220e+00	-2.848154853830173305e+00
-1.348643122278889050e+00	-2.837387201250334723e+00
-1.414133954010946770e+00	-2.805321650221721530e+00
-1.417084741687033800e+00	-2.803832241052797158e+00
-1.215411542578964221e+00	2.896960335119412644e+00
-1.223299808448595982e+00	2.893638190883405237e+00
-1.260400519175658651e+00	2.877671790241390415e+00
-1.225735640073004840e+00	2.892607222168986247e+00
-1.264891970171619029e+00	2.875700385103552303e+00
-3.625095314729681606e-01	-3.120607511476027440e+00
-2.421638945476763671e-01	-3.132245368624057669e+00
-3.112628575384054908e-01	-3.126134967432849354e+00
-3.417868751472559197e-01	-3.122945105676119937e+00
-1.625435609956882022e-01	-3.137384896991154637e+00
-5.046238220750399739e-01	-3.100799767686352126e+00
-3.776808319116417567e-01	-3.118807719353004604e+00
-4.154282283636364648e-01	-3.114004461809264601e+00
-4.804029393597969433e-01	-3.104644491233066184e+00
-3.122906339917534080e+00	3.421408966964192833e-01
-3.088361692992813268e+00	5.758701714309605313e-01
-3.138332026343543912e+00	1.430960988838730075e-01
-3.075759906932226784e+00	6.397697992228265074e-01
-2.901307373046269955e+00	1.204997895515469652e+00
-2.853343708647742449e+00	1.314547101251873684e+00
-2.748785823595143896e+00	1.521111730640363424e+00
-2.780951254872017664e+00	1.461476828114325111e+00
-2.705657020521016420e+00	1.596566468517579773e+00
-2.664256584977068520e+00	1.664734588604347643e+00
-3.110247782143126916e+00	4.426772354245441798e-01
-3.129194255429335936e+00	2.788327686578481734e-01
-3.054218864933186062e+00	-7.357659452404674560e-01
-3.051536395758254194e+00	-7.468132473731838861e-01
-3.039631532578790374e+00	-7.938794286553051416e-01
-3.052421458062034354e+00	-7.431874887616185532e-01
5.616015008329422464e-01	-3.090988216630976559e+00
5.595284607030531765e-01	-3.091364149166615061e+00
6.537063995061881405e-01	-3.072828069439292875e+00
4.392942801317456514e-01	-3.110727396692434255e+00
2.706144498026309630e+00	-1.595740065578128641e+00
3.088919327112344959e+00	-5.728715315680947828e-01
3.120614509337809928e+00	-3.624492863832108891e-01
2.983377159734244444e+00	-9.844110543189718010e-01
-3.108857730079558124e+00	-4.523361750003382364e-01
-3.091937129080513991e+00	-5.563534765800455251e-01
-3.095276495904493608e+00	-5.374642453136365683e-01
-3.131580015684807705e+00	-2.506212410249702982e-01
2.551851448415871637e+00	-1.832391493733578791e+00
2.216410347806774706e+00	-2.226461221585592121e+00
2.216410347806774706e+00	-2.226461221585592121e+00
2.551851448415871637e+00	-1.832391493733578791e+00
2.827222663446302686e+00	-1.369823496799844831e+00
2.427038767780033801e+00	-1.994764953768270788e+00
2.239483142209641731e+00	-2.203252063847481956e+00
2.184982572139376966e+00	-2.257311578080560377e+00
3.111955981541495664e+00	4.305047851504832379e-01
3.079264103727342050e+00	6.226852981929198450e-01
3.055309598890674216e+00	7.312233967918880806e-01
3.094668388743825549e+00	5.409546790619799150e-01
2.221499667314863036e+00	-2.221383269318761844e+00
1.687719106696614624e+00	-2.649756331812519239e+00
2.083418085062613834e+00	-2.351376933612173925e+00
1.590806764455510169e+00	-2.709047478220333538e+00
3.003535838302671124e+00	9.210737587841841822e-01
2.991347610394740730e+00	9.599186813866212864e-01
2.918056913267927932e+00	1.163850614133365546e+00
3.077391742591378598e+00	6.318737719827848265e-01
8.563073885550220865e-02	-3.140425413483405315e+00
1.462118245299012520e-01	-3.138188411083215446e+00
4.210415838745291683e-01	-3.113250453422882646e+00
2.569418118169413678e-01	-3.131067758198404771e+00
-3.125229876692009245e+00	3.202227645265156020e-01
-3.122710507462323370e+00	3.439236654749979194e-01
-3.122528642441266822e+00	3.455709452822360306e-01
-3.113701410674191372e+00	4.176935793795611418e-01
2.335820401398799540e+00	-2.100844461995820645e+00
2.284353414325284604e+00	-2.156695129022591306e+00
2.227693024005329647e+00	-2.215172271379213687e+00
2.000750696123159145e+00	-2.422106738575336315e+00
-1.668438348001205496e+00	2.661938744601078710e+00
-1.766890476005517741e+00	2.597634009419023560e+00
-1.586683237290565707e+00	2.711464679023219304e+00
-1.517764042388756396e+00	2.750635692475668304e+00
-3.074814391295647820e+00	6.442987351924062134e-01
-3.026150822238653504e+00	8.438101695012221182e-01
-3.139180799587005577e+00	1.230784651904840987e-01
-3.139180799587005577e+00	1.230784651904840987e-01
-1.268759509071487601e+00	-2.873996121992866470e+00
-1.455673038669135888e+00	-2.783993607316856078e+00
-1.507477539802326350e+00	-2.756286608479038946e+00
-1.535934599323239391e+00	-2.740530844141535916e+00
2.879067383442010630e+00	-1.257209371063440217e+00
2.908069267649104894e+00	-1.188586360196077329e+00
2.774935761066076090e+00	-1.472866566612874184e+00
2.855480382134598205e+00	-1.309899304654295271e+00
3.114320856457568620e+00	4.130496388120404316e-01
3.063936240087864693e+00	6.941895402306198504e-01
3.096741922357592269e+00	5.289554493550113756e-01
3.102675105472519679e+00	4.929620583477464235e-01
-2.243264768962162758e+00	-2.199401640770164867e+00
-2.265196517106880858e+00	-2.176807097557386328e+00
-2.193037348923036589e+00	-2.249486960913082090e+00
-1.988875495359526013e+00	-2.431867320609362171e+00
3.089039530254550581e+00	-5.722230173753096727e-01
3.070115232024857921e+00	-6.663308961606905223e-01
3.053134192811046699e+00	-7.402540116591049824e-01
3.053134192811046699e+00	-7.402540116591049824e-01
2.029231986627335615e+00	-2.398295633473453758e+00
1.869064007109573433e+00	-2.525114678270446777e+00
2.048827934849632992e+00	-2.381576892411652935e+00
4.991134174713302563e-01	-3.101691505870538101e+00
2.278662741442510076e-01	-3.133317947830538408e+00
2.007111636519262610e-01	-3.135174545360249088e+00
3.789877556548871818e-01	-3.118649175869743218e+00
4.444291783527468120e-01	-3.109997927092244652e+00
4.899988738940761479e-01	-3.103144454367520400e+00
2.186559013845877253e+00	-2.255784581926807864e+00
2.200400053846452320e+00	-2.242285442159826392e+00
2.020573820383979591e+00	-2.405594695177940334e+00
3.124329652829223036e+00	3.288899839481048692e-01
3.100780963960523717e+00	5.047393531610187001e-01
3.114623922183968219e+00	4.107581094132086164e-01
1.356707503724966735e+00	-2.833540038613488132e+00
1.364970938186506944e+00	-2.829568648927890173e+00
1.238998012499290091e+00	-2.886951389634429876e+00
-3.097423835894315136e+00	-5.249475992164407412e-01
-3.011122246870642449e+00	-8.959616149646432159e-01
-2.938781001307560814e+00	-1.110482159894110143e+00
-8.717024870440269746e-01	-3.018234446687436900e+00
-1.015992882085255511e+00	-2.972770234081580032e+00
-9.536801450471525943e-01	-2.993342376346581180e+00
2.601570176525588973e+00	-1.761089724489349306e+00
2.753328595536439494e+00	-1.512873440209290710e+00
2.675377940429247481e+00	-1.646802136552510731e+00
-2.595932719884609607e+00	1.769389079575730994e+00
-2.839064461912061077e+00	1.345108687875197440e+00
-2.755621254448881619e+00	1.508693442392764039e+00
-3.129032988661287096e+00	-2.806366992372363312e-01
-3.111156891193804341e+00	-4.362421339882908145e-01
-3.110862191278273681e+00	-4.383387137416612234e-01
2.990058590986511167e+00	9.639263579533027260e-01
2.991830675353034152e+00	9.584120257519547215e-01
3.042429409834499943e+00	7.830885564630943874e-01
3.078997381689247081e+00	6.240028242244726187e-01
3.085363582644337743e+00	5.917228776897633935e-01
3.078997381689247081e+00	6.240028242244726187e-01
-1.303854915631368350e+00	2.858245398854561969e+00
-1.191212141111377409e+00	2.906994674222539210e+00
-1.251069028314848008e+00	2.881740912622212214e+00
3.106518181628503239e+00	4.681337290784452487e-01
3.120856244688138492e+00	3.603619029259449991e-01
3.106518181628503239e+00	4.681337290784452487e-01
1.176648287286951922e+00	-2.912920048527601224e+00
-2.835161504101781915e-01	-3.128773400798777971e+00
-1.669236201556096033e-01	-3.137154906300213320e+00
2.980485711118775249e+00	-9.931310723696861187e-01
2.757405967027868332e+00	-1.505429086369884262e+00
2.947730918313876902e+00	-1.086502109664673865e+00
-2.764562299962034064e+00	1.492246524780000083e+00
-2.807120819315009452e+00	1.410559146883812343e+00
-2.906132531014208542e+00	1.193313920672304906e+00
3.141335259185536355e+00	4.021430699509870310e-02
3.125852192607378122e+00	-3.140899091995847381e-01
3.126521712959950960e+00	-3.073538343332206102e-01
3.710760465423627030e-01	-3.119600450181376772e+00
-1.567457908953181767e-01	-3.137679900519803056e+00
5.197486672102700350e-02	-3.141162685108602748e+00
2.355046397656421320e+00	2.079269310593236053e+00
2.329994221403573373e+00	2.107304280191951040e+00
2.377744987633330975e+00	2.053273770074008020e+00
-7.958160195280679361e-02	-3.140584526759307327e+00
3.818558530589938327e-02	-3.141360574999979782e+00
9.830307306875189777e-02	-3.140054284071311930e+00
-3.100872713004692915e+00	-5.041753849924378583e-01
-3.100872713004692915e+00	-5.041753849924378583e-01
-2.567290225054513098e+00	-1.810697462700189719e+00
-2.805729376825732313e+00	-1.413324826466459516e+00
-2.574249852022180818e+00	-1.800789299294378365e+00
-3.024024630778632261e+00	-8.513985162857145017e-01
9.099299388045091197e-01	-3.006930645617983178e+00
1.133664823693456558e+00	-2.929916119722447476e+00
1.062227486516619912e+00	-2.956565096184750274e+00
-3.132027231557431790e+00	2.449690222702613218e-01
-3.086841179238660970e+00	5.839656969769988493e-01
-3.025264715865179532e+00	8.469815818720816125e-01
-3.122377929056372903e+00	3.469300638903958234e-01
-3.005455787128218592e+00	9.147895455824018862e-01
-3.131734225900355995e+00	2.486868299963939377e-01
-3.140994662855426611e+00	-6.129379253305228259e-02
-3.113446155009906402e+00	-4.195919934214524250e-01
-3.141366157855049579e+00	-3.772351219546860729e-02
-1.587015542161024584e+00	2.711270194950829104e+00
-1.698232629839918406e+00	2.643030521207871075e+00
-1.852692005264388042e+00	2.537151303079652198e+00
-1.570603438863827916e-01	-3.137664170918814222e+00
-1.489020893090414466e-01	-3.138061912851427326e+00
-5.306867066585977399e-01	-3.096445707656636959e+00
-5.459610928099395410e-01	-3.093789082375709931e+00
1.923317629702552822e-01	-3.135699745518073733e+00
2.657624393383291039e-01	-3.130331408481584532e+00
2.532725031998782073e-01	-3.131366704845062632e+00
4.162546177479639065e-01	-3.113894104540623875e+00
-2.885420261892726046e-01	-3.128313906917262077e+00
-3.395949091304921730e-01	-3.123184224278486631e+00
-2.781383716790856386e+00	1.460653628024124906e+00
-2.875506118681909307e+00	1.265333538049259632e+00
9.143949809016312102e-02	-3.140261648219520030e+00
7.963946064159407867e-02	-3.140583060101750146e+00
-9.289662013864341539e-01	-3.001104163099144184e+00
-9.469432639414726571e-01	-2.995480404870848989e+00
2.127841174627302379e-01	-3.134378298872834367e+00
2.127841174627302379e-01	-3.134378298872834367e+00
1.867631761316989270e+00	-2.526174183465851097e+00
2.008320188562418895e+00	-2.415834104673160176e+00
-2.863355979336562385e+00	-1.292593105616346660e+00
-2.726437197278087865e+00	-1.560815367167994072e+00
-2.032843900340947307e+00	-2.395234869054799098e+00
-1.528836085068120632e+00	-2.744497153593521421e+00
-1.501452457445763056e+00	-2.759573321932113021e+00
-9.174357540065302130e-01	-3.004649070750164963e+00
1.569933350173382758e+00	-2.721197103684835472e+00
1.764342968931051026e+00	-2.599364978042314256e+00
-2.675420314888462325e+00	-1.646733293454492264e+00
-2.926890548351516408e+00	-1.141453511563180756e+00
-3.115822189711789925e+00	4.015675325384038818e-01
-3.119694010348011748e+00	3.702886480680966375e-01
8.584998316894024706e-01	-3.022016287196120476e+00
6.680755109279926662e-01	-3.069736065655752633e+00
2.910429564568299377e+00	-1.182795058653923315e+00
2.910429564568299377e+00	-1.182795058653923315e+00
-2.549397022483003372e+00	-1.835804788871668869e+00
-2.423583472924791149e+00	-1.998961618154577513e+00
3.056597216813839335e+00	-7.258221925893767468e-01
3.034259785804768850e+00	-8.141694868621381920e-01
2.719531951839289974e+00	-1.572816061723220971e+00
2.610080279524249924e+00	-1.748452268587270320e+00
-3.140720766635339167e+00	-7.400991227454288557e-02
-3.029619196137497195e+00	-8.312712718989762051e-01
-2.999216715102879682e+00	9.350419760293392502e-01
-3.015514642678795099e+00	8.810651740246773223e-01
-3.095022575355119709e+00	-5.389245393666147743e-01
-3.097867837931332247e+00	-5.223210313590801457e-01
1.087932118040548346e+00	-2.947203438452317581e+00
6.169089017403063258e-01	-3.080426562676494839e+00
2.579617080762997894e+00	1.793092333853765874e+00
2.763510424533357490e+00	1.494193606794254503e+00
3.114536908251894332e+00	-4.114173650030942819e-01
3.092643812750929477e+00	-5.524116658278962477e-01
-3.063868233849543987e+00	6.944896303740145660e-01
-3.032122372614318717e+00	8.220938623910725163e-01
-2.164242638619914505e+00	-2.277204031761068670e+00
-2.031315708969685829e+00	-2.396531012021822615e+00
-2.965090687290738991e+00	1.038191512790917370e+00
-2.969920935910532300e+00	1.024291967912306367e+00
-3.139447781456816244e+00	1.160690682104206228e-01
-3.107245789905051847e+00	-4.632796155743200694e-01
2.978882380470802449e+00	9.979299396300146396e-01
2.967205493184587706e+00	1.032131756271729373e+00
-2.930946069737290660e+00	1.130999353395431450e+00
-2.946567965526563082e+00	1.089652066313834267e+00
3.063035338577018596e+00	6.981539341131921539e-01
3.002737990565894410e+00	9.236714573384048332e-01
-2.368634910513756520e+00	-2.063776407895207221e+00
-1.676178575461207299e+00	-2.657071655837342394e+00
2.717188981546723170e+00	-1.576860310760100914e+00
2.170093910446880603e+00	-2.271628671444944736e+00
-3.026008140810927838e+00	8.443216998486714475e-01
-2.817231755939724636e+00	1.390255240743272669e+00
2.880212331488721134e+00	-1.254584124971165116e+00
2.646658221818919632e+00	-1.692573383333104031e+00
2.711887597973492880e+00	1.585960294915013558e+00
2.774902105219423820e+00	1.472929973738794862e+00
9.413799304632393117e-01	-2.997233428949167777e+00
1.037260703807044715e+00	-2.965416435077385948e+00
2.860588858607716833e+00	1.298705425837114014e+00
2.910305375424891761e+00	1.183100597101673035e+00
-2.483304588083950826e+00	-1.924266801639148206e+00
-2.490391808407444785e+00	-1.915085648660773909e+00
2.968345677276781558e+00	1.028848065207687235e+00
3.015913158184965859e+00	8.797000758077403448e-01
-1.988968097533403645e+00	2.431791584014491914e+00
-2.007628715969961508e+00	2.416408769207345930e+00
-2.561699623713413754e+00	1.818598207124353827e+00
-2.198064877879330137e+00	2.244574613088788251e+00
3.027521155797467056e+00	8.388802371543435665e-01
3.030184725103645782e+00	8.292074124354534836e-01
2.846750616379972065e+00	1.328764587588638912e+00
2.885567983364681233e+00	1.242216492592995492e+00
-1.722095457599830848e+00	2.627544792387636274e+00
-1.777977833346107372e+00	2.590057764842173871e+00
-2.769138451775555509e+00	1.483737387810739605e+00
-2.494726970209748540e+00	1.909434928243810337e+00
-1.772909183213409623e+00	2.593529916767284504e+00
-1.673179097454839726e+00	2.658961471877613114e+00
2.917585012992699234e+00	1.165033086675974827e+00
2.888394539257911564e+00	1.235629955397017143e+00
-2.946469534383616029e+00	-1.089918200618081423e+00
-2.854494156941970839e+00	-1.312047068162383479e+00
3.087996272178526347e+00	-5.778264653863531830e-01
3.044215759497335583e+00	-7.761152045395190990e-01
-2.680557076298314190e+00	1.638358374042867549e+00
-2.661930353085279588e+00	1.668451736315029299e+00
-3.113164166103408181e+00	4.216791149429004459e-01
-3.108458007462619133e+00	4.550749574859961899e-01
-3.056505252758175306e+00	7.262093644060509945e-01
-3.049189034254016217e+00	7.563402901303220016e-01
-2.008444359216429831e+00	2.415730874294788499e+00
-1.989347834553367944e+00	2.431480946716873426e+00
-2.530984772779618197e+00	1.861107326579276577e+00
-2.642739619690903652e+00	1.698685286804278771e+00
-2.879902145158359072e+00	1.255295995134868337e+00
-3.073084160670654708e+00	6.525014502087291834e-01
-1.695241858556329584e+00	2.644949799540218027e+00
-1.790547199983909321e+00	2.581384342890291173e+00
-8.140762771590309699e-01	3.034284794816770603e+00
-8.140762771590309699e-01	3.034284794816770603e+00
-1.425697772413884623e+00	-2.799462495341461743e+00
-1.488152206950209555e+00	-2.766768405566063294e+00
1.840480710911140738e+00	-2.546023400099334921e+00
1.421244081415983462e+00	-2.801726193283240018e+00
-1.968174290379912206e+00	2.448651539884122652e+00
-2.037909286355097827e+00	2.390926628250438668e+00
2.942407285042244691e+00	1.100837758263988553e+00
3.062843701544539332e+00	6.989941780861300691e-01
7.862028469768307659e-02	-3.140608739070088973e+00
8.364629097054231133e-02	-3.140478896457708835e+00
2.370343713736532409e-01	-3.132637723688593834e+00
2.370343713736532409e-01	-3.132637723688593834e+00
9.881673560738403195e-01	-2.982135087060845180e+00
7.982702131345879026e-01	-3.038481375278021535e+00
2.295867602001795404e+00	2.144433807597679653e+00
2.248727313516011073e+00	2.193816280032678812e+00
2.299886498440477656e+00	-2.140123009404029553e+00
2.488932143105513806e+00	-1.916982312934981225e+00
-2.446261837210227941e-01	-3.132054027523702544e+00
-1.559383451042748447e-01	-3.137720133092736230e+00
8.793333470363406956e-01	-3.016020103692815812e+00
6.918046043867632777e-01	-3.064475614267248460e+00
-2.597729353651203610e+00	-1.766750295392152115e+00
-2.573996455695228391e+00	-1.801151478126634009e+00
1.168076233755597437e+00	-2.916368000308722674e+00
1.060051901616466896e+00	-2.957345831479414766e+00
-3.053114897359447522e+00	7.403335900870406938e-01
-3.102211172187941735e+00	4.958732138779762821e-01
2.680854119801548308e+00	-1.637872275066777572e+00
2.680854119801548308e+00	-1.637872275066777572e+00
-7.248079689389800295e-01	-3.056837877489074096e+00
-8.273923049731946033e-01	-3.030680843434442107e+00
1.597767742796744050e+00	-2.704947807475692301e+00
1.273880133693851668e+00	-2.871730106759598389e+00
2.918036834579022187e+00	-1.163900955034146589e+00
2.778906981512632601e+00	-1.465360156818011239e+00
-2.661089028733945483e+00	-1.669793275301223012e+00
-2.778272931910906962e+00	-1.466561937628455770e+00
-3.410326068028950441e-01	-3.123027563468913748e+00
-2.460825431525884566e-01	-3.131939939246107585e+00
2.920383425579891501e+00	1.158000452801126956e+00
2.752177468757582179e+00	1.514966528195414108e+00
-2.809708544614061054e+00	-1.405397557779325846e+00
-2.830457251965294407e+00	-1.363127340304797874e+00
-2.791091330709128737e+00	1.442017192938316983e+00
-2.846288713382020941e+00	1.329753721996476123e+00
-2.861105260304964037e+00	1.297567374183175470e+00
-2.628003072910185534e+00	1.721396017732114148e+00
-3.071012974567839393e+00	-6.621810259478509986e-01
-3.140359296183336202e+00	-8.802211065556081460e-02
-3.101118055940822682e+00	5.026641067424354459e-01
-3.109895326785604208e+00	4.451465573565834832e-01
-2.776381805392719171e-01	-3.129300471638382319e+00
-1.904714793248823423e-01	-3.135813294291155184e+00
-2.370061870338087406e-01	-3.132639856159186831e+00
1.117499950441478151e-01	-3.139604487781381348e+00
-3.247448138970390197e-01	-3.124763224139764262e+00
-1.465420764972486800e-01	-3.138173006847333024e+00
-2.335331735248472596e-01	-3.132900677958490476e+00
-5.130268876057217931e-01	-3.099420560956990034e+00
-2.261848538163131472e-01	-3.133439773315174204e+00
-1.958692060877033347e-01	-3.135480769387037903e+00
9.818126583286176379e-01	-2.984233285960574911e+00
4.073170377299972222e-01	-3.115075798734955104e+00
3.573119458815156579e-01	-3.121206909901957260e+00
7.862880188595973152e-01	-3.041604108441334997e+00
-2.496586303765061743e+00	1.907003206327158695e+00
-1.766519652028669674e+00	2.597886202297141622e+00
-2.257295090899136270e+00	2.184999604963812736e+00
-3.130640358185301064e+00	-2.620979755564080138e-01
-2.957048107391870406e+00	-1.060882129013168473e+00
-2.904498005393258087e+00	-1.197286823512204501e+00
-1.630845744108918360e+00	-2.685134365355146713e+00
8.090924322350934172e-01	-3.035617538029002027e+00
-3.060521311004631428e+00	-7.090935805490333754e-01
3.773971953931574141e-01	-3.118842054032030742e+00
-2.017579495791629984e+00	-2.408106596322212578e+00
8.108144329027956454e-01	-3.035158044729446392e+00
-3.129421798107124619e+00	2.762672811270456275e-01
-9.084187406661421438e-01	-3.007387536167545061e+00
-1.977301667177568945e+00	-2.441287061790596624e+00
4.113147431018249200e-01	-3.114550462457855051e+00
2.383539126927231244e+00	-2.046544803197900109e+00
-3.134559613141230994e+00	2.100962464044912603e-01
8.855020630800329862e-01	-3.014214739757332229e+00
-3.110667885603325633e+00	4.397154836544774903e-01
1.482586226084742220e+00	-2.769754950047595532e+00
2.088390364905207797e+00	-2.346961883981172114e+00
5.518823554345281268e-01	-3.092738312054447825e+00
-3.029869638944009402e+00	8.303579782808456766e-01
-2.996519086002845444e+00	9.436512959298213321e-01
-2.684684360119849345e+00	1.631586432775546269e+00
-2.981520377855588766e+00	-9.900205237878776376e-01
-1.925999720072113508e+00	2.481960813423834011e+00
2.542410840583379628e+00	-1.845467831953044202e+00
-3.137661899478905170e+00	-1.571057148794663405e-01
-3.123626174549409384e+00	3.355054735159793688e-01
7.686401560406586064e-01	-3.046111736560421779e+00
2.105057819387008866e+00	-2.332024008908778701e+00
2.724917057308856361e+00	-1.563467758502427252e+00
-2.349413139999082745e+00	-2.085632349837575727e+00
1.435013564646310691e+00	-2.794698636771135725e+00
-2.821835992018160155e+00	-1.380885960258936063e+00
-2.056694407187894758e+00	-2.374786836019475711e+00
-3.127293207421195209e+00	-2.994020639651827076e-01
-3.063746331507206211e+00	6.950272061333230278e-01
-3.104014864121508843e+00	-4.844544606070717019e-01
-3.050380291405061062e+00	-7.515214427392815644e-01
-2.933672942083287438e+00	1.123907233706476383e+00
-3.110485811576428894e+00	4.410016066536280310e-01
7.245230904594712751e-01	-3.056905411111114912e+00
2.125041008746289428e+00	2.313829101778242858e+00
-3.005588913017794184e+00	-9.143520585823994296e-01
2.776550758884274828e+00	-1.469819813592303737e+00
1.709093132885981747e+00	-2.636020687364068582e+00
-3.109601065871407943e+00	4.471975091844334060e-01
-3.015152848843400069e+00	8.823024986935520397e-01
1.742130761004815787e+00	-2.614303886821526035e+00
8.508389417485375805e-01	-3.024182120225828552e+00
3.009763102134099810e+00	-9.005167794780267743e-01
-3.072556528861686509e+00	-6.549815096922819713e-01
2.469209751198332636e+00	1.942320160446373123e+00
-1.765665978540970071e+00	-2.598466481083086865e+00
1.773928370196931947e+00	-2.592832917582583718e+00
-2.023982555514020287e+00	-2.402727411935088764e+00
-3.117032252331700004e+00	3.920642026675320024e-01
-1.628532984020187868e-01	-3.137368834595152034e+00
-3.076096367012122634e+00	6.381500935862810531e-01
-2.810817744411449937e+00	-1.403177825078163909e+00
-3.044184048390920605e+00	7.762395768135139651e-01
2.769908300310794935e-01	-3.129357838465912867e+00
1.474968981142627200e+00	-2.773818830737948105e+00
-2.629853026908078650e+00	-1.718568432722937800e+00
-1.197573732635359711e+00	-2.904379719663248149e+00
-9.747937149732773809e-01	-2.986533377402294409e+00
-3.037773364542883048e+00	8.009602903784744932e-01
-2.936236232052898742e+00	1.117193443710243983e+00
1.710189593163875532e+00	-2.635309461244226270e+00
7.183457589504317620e-02	-3.140771273874513714e+00
7.456489319720519537e-01	-3.051821107361684327e+00
3.015843770867404849e+00	-8.799379244069600592e-01
1.601037873025036529e+00	-2.703013527570445440e+00
-3.107586502779748461e+00	-4.609886428432815042e-01
-3.093287740802908914e+00	5.487944548624651420e-01
2.111541943385135678e+00	-2.326154556863039069e+00
-2.068775878654464662e-01	-3.134773686365305956e+00
2.877292078124319419e-01	-3.128388771246468636e+00
-2.633623183913327281e+00	-1.712785253977738842e+00
3.141456329107934486e+00	2.926659182510468055e-02
2.052216943959794371e+00	-2.378657187577411403e+00
-7.894356291142686777e-01	-3.040788678710560689e+00
-3.034201401374891915e+00	8.143870437230686932e-01
-2.984918613110533414e+00	9.797271427268146038e-01
-2.826485168196309683e+00	1.371344593840525539e+00
2.426942292148873026e+00	1.994882330281295912e+00
-9.078734213235895023e-01	3.007552202696332166e+00
-1.867992607651308423e-01	-3.136034189428896557e+00
-2.828910276924442968e+00	-1.366334895331533295e+00
7.876587063176131442e-01	-3.041249441175685853e+00
1.548232074465493824e+00	-2.733602356723748628e+00
1.578339802503378353e+00	-2.716329852746708795e+00
2.515075823903204277e+00	-1.882550929219970692e+00
-3.049918808943676840e+00	7.533921023882194090e-01
-3.068038370131681347e+00	-6.758290911828928049e-01
3.668117057623180854e-01	-3.120104737601783640e+00
-3.109805363647758725e+00	4.457746082012600808e-01
-3.122734019548440987e+00	-3.437101165869252406e-01
-8.375983422574130310e-01	3.027876057261424947e+00
-2.489140297348363950e-01	-3.131716175979318173e+00
-3.048351667662876352e+00	7.597081751214197487e-01
-3.110827102019385393e+00	4.385876678966577069e-01
-3.024902294679375547e+00	8.482750195147816807e-01
-3.135346222582686693e+00	1.980112765118143825e-01
-1.060680562107909175e+00	2.957120414568167099e+00
2.173056438196296902e+00	-2.268794860163206639e+00
-2.981258304238982415e+00	9.908094289496154339e-01
2.664756101482557149e+00	1.663934890763710817e+00
2.471131517580386294e+00	-1.939874589737752286e+00
-2.951328088864134003e+00	1.076692580531199983e+00
-2.991526130210192758e+00	9.593621909159163463e-01
1.852183360707725657e-01	-3.136127958019654827e+00
-3.114083976945620780e+00	-4.148317557997490690e-01
-2.347484079662925716e+00	2.087803366416115747e+00
2.055305460580181820e-01	-3.134862292944691209e+00
-2.458098024712771945e+00	-1.956363591460576146e+00
-3.141354812846161693e+00	3.865670572633998769e-02
-2.942900873306288467e+00	1.099517553740021469e+00
1.009953278905908691e+00	-2.974827520297027572e+00
2.587531279437918386e+00	1.781652681927577309e+00
3.136967428103395239e+00	-1.704105516325986613e-01
1.843393993875009906e+00	-2.543914893315988746e+00
-2.986020788026011008e+00	9.763627679125600478e-01
-3.036466180009527616e+00	8.059016929797997442e-01
7.665253467528108100e-01	-3.046644595924316246e+00
-3.062655034283670030e+00	6.998203641408617948e-01
-2.901395138485026504e+00	1.204786558467852320e+00
-3.073766709151280363e+00	6.492785371492485469e-01
-2.123793111649897813e+00	2.314974561414833598e+00
2.802566258525337695e+00	1.419586829913777271e+00
-2.629216986843601056e+00	1.719541345005235033e+00
7.771576966333769709e-01	-3.043949788622154706e+00
-2.523182261772904500e+00	-1.871671892978021390e+00
1.224594293135016498e-01	-3.139205009116411649e+00
-3.015152376449605764e+00	8.823041130356663597e-01
8.397682997743335376e-01	-3.027274946843032222e+00
2.241461364617608254e+00	-2.201239503556104982e+00
-2.992046000798776362e+00	9.577395941451973815e-01
2.480621919537127074e+00	-1.927723863368739021e+00
-2.907310222658207710e+00	1.190441796274156472e+00
9.343243907452239982e-01	-2.999440336787501771e+00
-3.089586976394568474e+00	5.692597969138716296e-01
6.307242027856365674e-01	-3.077627557244342782e+00
-2.955143404649969607e+00	1.066176279535022919e+00
-2.843225542940359674e+00	1.336290729243024611e+00
-6.417052513422751847e-01	-3.075356690123782322e+00
2.817745806862643310e+00	1.389213075448597401e+00
-3.011197421870461355e+00	8.957089301832625861e-01
-3.089633896299919247e+00	5.690050860264250776e-01
3.095984099506461806e+00	-5.333730933338508562e-01
1.752827612959350745e+00	-2.607143985348063797e+00
3.116752313731499857e+00	3.942834208265687534e-01
-3.089449281611409859e+00	5.700066117512165853e-01
-2.160594369356008126e+00	-2.280665773890701686e+00
7.932428306546664976e-01	-3.039797725623258007e+00
-1.050188692079053965e+00	-2.960862731049624941e+00
